0
Годовой отчет   
 
22 
 
История доходов и расходов компании , а также прогноз этих показателей представлены  на следующем графике.  
 
  4,0 6,1 5,9 6,3 7,6 8,9 12,6 18,4 23,4 27,834,148,238,151,470,582,8
6,716,8 17,7 12,4 8,6 8,9 9,8 10,7 11,2 11,2 5,95,34,43,12,0
1,34,25,410,03,511,8 2,5 2,76,8 15,2 4,74,210,6 5,37,20,00,04,1
22,113,116,3
-33,768,760,5
-17,43,916,3
-10,346,880,2
16,7 9,076,336,963,8
-88,486,365,558,2
20,332,442,851,5
27,033,2 33,6 34,6 30,226,8 31,337,641,938,545,054,954,0 54,4 54,770,9
76,5
-150-100-50050100150200
2005 2006 2007 2008 2009 2010 2011 2012 2013 2014 2015 2016 2017 2018 2019 2020 2021 2022 2023 2024 2025Доходы от ЦБ ПИФ, млн ₽ Доходы от ЗПИФН, млн ₽
Доходы от ИДУ, млн ₽ Доходы от собственных средств, млн ₽
Расходы ( Z), млн ₽